LG19_Y	0	100000	1
LG19_Y	100000	200000	2
LG19_Y	200000	300000	11
LG19_Y	300000	400000	1
LG19_Y	400000	500000	1
LG19_Y	500000	600000	2
LG19_Y	600000	700000	5
LG19_Y	700000	800000	8
LG19_Y	800000	900000	0
LG19_Y	900000	1000000	3
LG19_Y	1000000	1100000	0
LG19_Y	1100000	1200000	0
LG19_Y	1200000	1300000	0
LG19_Y	1300000	1400000	0
LG19_Y	1400000	1500000	0
LG19_Y	1500000	1600000	0
LG19_Y	1600000	1700000	1
LG19_Y	1700000	1800000	0
LG19_Y	1800000	1900000	0
LG19_Y	1900000	2000000	5
LG19_Y	2000000	2100000	2
LG19_Y	2100000	2200000	0
LG19_Y	2200000	2300000	0
LG19_Y	2300000	2400000	1
LG19_Y	2400000	2500000	2
LG19_Y	2500000	2600000	0
LG19_Y	2600000	2700000	0
LG19_Y	2700000	2800000	4
LG19_Y	2800000	2900000	0
LG19_Y	2900000	3000000	0
LG19_Y	3000000	3100000	0
LG19_Y	3100000	3200000	6
LG19_Y	3200000	3300000	3
LG19_Y	3300000	3400000	6
LG19_Y	3400000	3500000	0
LG19_Y	3500000	3600000	0
LG19_Y	3600000	3700000	0
LG19_Y	3700000	3800000	0
LG19_Y	3800000	3900000	0
LG19_Y	3900000	4000000	0
LG19_Y	4000000	4100000	0
LG19_Y	4100000	4200000	0
LG19_Y	4200000	4300000	0
LG19_Y	4300000	4400000	0
LG19_Y	4400000	4500000	0
LG19_Y	4500000	4600000	0
LG19_Y	4600000	4700000	0
LG19_Y	4700000	4800000	0
LG19_Y	4800000	4900000	0
LG19_Y	4900000	5000000	0
LG19_Y	5000000	5100000	0
LG19_Y	5100000	5200000	1
LG19_Y	5200000	5300000	0
LG19_Y	5300000	5400000	0
LG19_Y	5400000	5500000	0
LG19_Y	5500000	5600000	0
LG19_Y	5600000	5700000	0
LG19_Y	5700000	5800000	1
LG19_Y	5800000	5900000	2
LG19_Y	5900000	6000000	0
LG19_Y	6000000	6100000	0
LG19_Y	6100000	6200000	2
LG19_Y	6200000	6300000	0
LG19_Y	6300000	6400000	0
LG19_Y	6400000	6500000	0
LG19_Y	6500000	6600000	0
LG19_Y	6600000	6700000	0
LG19_Y	6700000	6800000	0
LG19_Y	6800000	6900000	0
LG19_Y	6900000	7000000	0
LG19_Y	7000000	7100000	0
LG19_Y	7100000	7200000	0
LG19_Y	7200000	7300000	0
LG19_Y	7300000	7400000	0
LG19_Y	7400000	7500000	0
LG19_Y	7500000	7600000	0
LG19_Y	7600000	7700000	1
LG19_Y	7700000	7800000	0
LG19_Y	7800000	7900000	0
LG19_Y	7900000	8000000	1
LG19_Y	8000000	8100000	0
LG19_Y	8100000	8200000	0
LG19_Y	8200000	8300000	0
LG19_Y	8300000	8400000	0
LG19_Y	8400000	8500000	0
LG19_Y	8500000	8600000	0
LG19_Y	8600000	8700000	0
LG19_Y	8700000	8800000	0
LG19_Y	8800000	8900000	0
LG19_Y	8900000	9000000	3
LG19_Y	9000000	9100000	0
LG19_Y	9100000	9200000	0
LG19_Y	9200000	9300000	0
LG19_Y	9300000	9400000	0
LG19_Y	9400000	9500000	0
LG19_Y	9500000	9600000	0
LG19_Y	9600000	9700000	0
LG19_Y	9700000	9800000	0
LG19_Y	9800000	9900000	0
LG19_Y	9900000	10000000	0
LG19_Y	10000000	10100000	0
LG19_Y	10100000	10200000	0
LG19_Y	10200000	10300000	0
LG19_Y	10300000	10400000	0
LG19_Y	10400000	10500000	0
LG19_Y	10500000	10600000	0
LG19_Y	10600000	10700000	0
LG19_Y	10700000	10800000	0
LG19_Y	10800000	10900000	0
LG19_Y	10900000	11000000	0
LG19_Y	11000000	11100000	0
LG19_Y	11100000	11200000	0
LG19_Y	11200000	11300000	0
LG19_Y	11300000	11400000	0
LG19_Y	11400000	11500000	0
LG19_Y	11500000	11600000	0
LG19_Y	11600000	11700000	1
LG19_Y	11700000	11800000	0
LG19_Y	11800000	11900000	0
LG19_Y	11900000	12000000	0
LG19_Y	12000000	12100000	0
LG19_Y	12100000	12200000	0
LG19_Y	12200000	12300000	0
LG19_Y	12300000	12400000	0
LG19_Y	12400000	12500000	0
LG19_Y	12500000	12600000	0
LG19_Y	12600000	12700000	0
LG19_Y	12700000	12800000	0
LG19_Y	12800000	12900000	0
LG19_Y	12900000	13000000	0
LG19_Y	13000000	13100000	0
LG19_Y	13100000	13200000	0
LG19_Y	13200000	13300000	0
LG19_Y	13300000	13400000	0
LG19_Y	13400000	13500000	0
LG19_Y	13500000	13600000	0
LG19_Y	13600000	13700000	1
LG19_Y	13700000	13800000	0
LG19_Y	13800000	13900000	9
LG19_Y	13900000	14000000	0
LG19_Y	14000000	14100000	0
LG19_Y	14100000	14200000	0
LG19_Y	14200000	14300000	0
LG19_Y	14300000	14400000	0
LG19_Y	14400000	14500000	0
LG19_Y	14500000	14600000	0
LG19_Y	14600000	14700000	0
LG19_Y	14700000	14800000	0
LG19_Y	14800000	14900000	1
LG19_Y	14900000	15000000	0
LG19_Y	15000000	15100000	0
LG19_Y	15100000	15200000	0
LG19_Y	15200000	15300000	0
LG19_Y	15300000	15400000	0
LG19_Y	15400000	15500000	0
LG19_Y	15500000	15600000	0
LG19_Y	15600000	15700000	0
LG19_Y	15700000	15800000	0
LG19_Y	15800000	15900000	0
LG19_Y	15900000	16000000	0
LG19_Y	16000000	16100000	0
LG19_Y	16100000	16200000	0
LG19_Y	16200000	16300000	0
LG19_Y	16300000	16400000	0
LG19_Y	16400000	16500000	0
LG19_Y	16500000	16600000	0
LG19_Y	16600000	16700000	0
LG19_Y	16700000	16800000	0
LG19_Y	16800000	16900000	0
LG19_Y	16900000	17000000	8
LG19_Y	17000000	17100000	0
LG19_Y	17100000	17200000	0
LG19_Y	17200000	17300000	0
LG19_Y	17300000	17400000	0
LG19_Y	17400000	17500000	0
LG19_Y	17500000	17600000	0
LG19_Y	17600000	17700000	0
LG19_Y	17700000	17800000	0
LG19_Y	17800000	17900000	4
LG19_Y	17900000	18000000	0
LG19_Y	18000000	18100000	0
LG19_Y	18100000	18200000	0
LG19_Y	18200000	18300000	0
LG19_Y	18300000	18400000	0
LG19_Y	18400000	18500000	1
LG19_Y	18500000	18600000	0
LG19_Y	18600000	18700000	0
LG19_Y	18700000	18800000	0
LG19_Y	18800000	18900000	0
LG19_Y	18900000	19000000	0
LG19_Y	19000000	19100000	0
LG19_Y	19100000	19200000	0
LG19_Y	19200000	19300000	0
LG19_Y	19300000	19400000	0
LG19_Y	19400000	19500000	0
LG19_Y	19500000	19600000	0
LG19_Y	19600000	19700000	1
LG19_Y	19700000	19800000	1
LG19_Y	19800000	19900000	0
LG19_Y	19900000	20000000	1
LG19_Y	20000000	20100000	0
LG19_Y	20100000	20200000	0
LG19_Y	20200000	20300000	0
LG19_Y	20300000	20400000	0
LG19_Y	20400000	20500000	0
LG19_Y	20500000	20600000	1
LG19_Y	20600000	20700000	0
LG19_Y	20700000	20800000	0
LG19_Y	20800000	20900000	0
LG19_Y	20900000	21000000	0
LG19_Y	21000000	21100000	0
LG19_Y	21100000	21200000	0
LG19_Y	21200000	21300000	1
LG19_Y	21300000	21400000	0
LG19_Y	21400000	21500000	0
LG19_Y	21500000	21600000	0
LG19_Y	21600000	21700000	0
LG19_Y	21700000	21800000	0
LG19_Y	21800000	21900000	0
LG19_Y	21900000	22000000	0
LG19_Y	22000000	22100000	0
LG19_Y	22100000	22200000	0
LG19_Y	22200000	22300000	0
LG19_Y	22300000	22400000	0
LG19_Y	22400000	22500000	0
LG19_Y	22500000	22600000	0
LG19_Y	22600000	22700000	0
LG19_Y	22700000	22800000	0
LG19_Y	22800000	22900000	0
LG19_Y	22900000	23000000	0
LG19_Y	23000000	23100000	0
LG19_Y	23100000	23200000	0
LG19_Y	23200000	23300000	0
LG19_Y	23300000	23400000	0
LG19_Y	23400000	23500000	0
LG19_Y	23500000	23600000	0
LG19_Y	23600000	23700000	0
LG19_Y	23700000	23800000	0
LG19_Y	23800000	23900000	2
LG19_Y	23900000	24000000	0
LG19_Y	24000000	24100000	0
LG19_Y	24100000	24200000	0
LG19_Y	24200000	24300000	1
LG19_Y	24300000	24400000	0
LG19_Y	24400000	24500000	0
LG19_Y	24500000	24600000	0
LG19_Y	24600000	24700000	0
LG19_Y	24700000	24800000	0
LG19_Y	24800000	24900000	0
LG19_Y	24900000	25000000	1
LG19_Y	25000000	25100000	0
LG19_Y	25100000	25200000	0
LG19_Y	25200000	25300000	0
LG19_Y	25300000	25400000	2
LG19_Y	25400000	25500000	0
LG19_Y	25500000	25600000	1
LG19_Y	25600000	25700000	0
LG19_Y	25700000	25800000	1
LG19_Y	25800000	25900000	0
LG19_Y	25900000	26000000	0
LG19_Y	26000000	26100000	0
LG19_Y	26100000	26200000	0
LG19_Y	26200000	26300000	1
LG19_Y	26300000	26400000	0
LG19_Y	26400000	26500000	0
LG19_Y	26500000	26600000	0
LG19_Y	26600000	26700000	0
LG19_Y	26700000	26800000	0
LG19_Y	26800000	26900000	1
LG19_Y	26900000	27000000	0
LG19_Y	27000000	27100000	2
LG19_Y	27100000	27200000	0
LG19_Y	27200000	27300000	1
LG19_Y	27300000	27400000	0
LG19_Y	27400000	27500000	2
LG19_Y	27500000	27600000	25
LG19_Y	27600000	27700000	340
LG19_Y	27700000	27800000	288
LG19_Y	27800000	27900000	172
LG19_Y	27900000	28000000	45
LG19_Y	28000000	28100000	26
LG19_Y	28100000	28200000	41
LG19_Y	28200000	28300000	47
LG19_Y	28300000	28400000	34
LG19_Y	28400000	28500000	4
LG19_Y	28500000	28600000	2
LG19_Y	28600000	28700000	1
LG19_Y	28700000	28800000	0
LG19_Y	28800000	28900000	2
LG19_Y	28900000	29000000	3
LG19_Y	29000000	29100000	2
LG19_Y	29100000	29200000	0
LG19_Y	29200000	29300000	1
LG19_Y	29300000	29400000	2
LG19_Y	29400000	29500000	4
LG19_Y	29500000	29600000	2
LG19_Y	29600000	29700000	3
LG19_Y	29700000	29800000	3
LG19_Y	29800000	29900000	6
LG19_Y	29900000	30000000	5
LG19_Y	30000000	30100000	3
LG19_Y	30100000	30200000	4
LG19_Y	30200000	30300000	0
LG19_Y	30300000	30400000	0
LG19_Y	30400000	30500000	0
LG19_Y	30500000	30600000	0
LG19_Y	30600000	30700000	0
LG19_Y	30700000	30727848	0
