LG01	0	100000	0
LG01	100000	200000	3
LG01	200000	300000	1
LG01	300000	400000	2
LG01	400000	500000	3
LG01	500000	600000	1
LG01	600000	700000	1
LG01	700000	800000	0
LG01	800000	900000	3
LG01	900000	1000000	2
LG01	1000000	1100000	3
LG01	1100000	1200000	0
LG01	1200000	1300000	8
LG01	1300000	1400000	0
LG01	1400000	1500000	3
LG01	1500000	1600000	3
LG01	1600000	1700000	3
LG01	1700000	1800000	5
LG01	1800000	1900000	6
LG01	1900000	2000000	8
LG01	2000000	2100000	10
LG01	2100000	2200000	0
LG01	2200000	2300000	2
LG01	2300000	2400000	4
LG01	2400000	2500000	6
LG01	2500000	2600000	0
LG01	2600000	2700000	1
LG01	2700000	2800000	0
LG01	2800000	2900000	1
LG01	2900000	3000000	2
LG01	3000000	3100000	0
LG01	3100000	3200000	6
LG01	3200000	3300000	4
LG01	3300000	3400000	0
LG01	3400000	3500000	1
LG01	3500000	3600000	0
LG01	3600000	3700000	2
LG01	3700000	3800000	0
LG01	3800000	3900000	3
LG01	3900000	4000000	2
LG01	4000000	4100000	5
LG01	4100000	4200000	1
LG01	4200000	4300000	1
LG01	4300000	4400000	0
LG01	4400000	4500000	0
LG01	4500000	4600000	5
LG01	4600000	4700000	0
LG01	4700000	4800000	0
LG01	4800000	4900000	0
LG01	4900000	5000000	1
LG01	5000000	5100000	4
LG01	5100000	5200000	0
LG01	5200000	5300000	2
LG01	5300000	5400000	2
LG01	5400000	5500000	1
LG01	5500000	5600000	0
LG01	5600000	5700000	3
LG01	5700000	5800000	0
LG01	5800000	5900000	0
LG01	5900000	6000000	5
LG01	6000000	6100000	1
LG01	6100000	6200000	0
LG01	6200000	6300000	2
LG01	6300000	6400000	1
LG01	6400000	6500000	3
LG01	6500000	6600000	2
LG01	6600000	6700000	3
LG01	6700000	6800000	6
LG01	6800000	6900000	2
LG01	6900000	7000000	1
LG01	7000000	7100000	1
LG01	7100000	7200000	0
LG01	7200000	7300000	0
LG01	7300000	7400000	0
LG01	7400000	7500000	0
LG01	7500000	7600000	0
LG01	7600000	7700000	0
LG01	7700000	7800000	1
LG01	7800000	7900000	3
LG01	7900000	8000000	1
LG01	8000000	8100000	0
LG01	8100000	8200000	0
LG01	8200000	8300000	2
LG01	8300000	8400000	0
LG01	8400000	8500000	1
LG01	8500000	8600000	0
LG01	8600000	8700000	0
LG01	8700000	8800000	0
LG01	8800000	8900000	2
LG01	8900000	9000000	3
LG01	9000000	9100000	2
LG01	9100000	9200000	0
LG01	9200000	9300000	0
LG01	9300000	9400000	0
LG01	9400000	9500000	0
LG01	9500000	9600000	0
LG01	9600000	9700000	0
LG01	9700000	9800000	0
LG01	9800000	9900000	0
LG01	9900000	10000000	8
LG01	10000000	10100000	5
LG01	10100000	10200000	3
LG01	10200000	10300000	3
LG01	10300000	10400000	7
LG01	10400000	10500000	10
LG01	10500000	10600000	25
LG01	10600000	10700000	4
LG01	10700000	10800000	1
LG01	10800000	10900000	0
LG01	10900000	11000000	0
LG01	11000000	11100000	1
LG01	11100000	11200000	0
LG01	11200000	11300000	0
LG01	11300000	11400000	0
LG01	11400000	11500000	1
LG01	11500000	11600000	0
LG01	11600000	11700000	2
LG01	11700000	11800000	0
LG01	11800000	11900000	0
LG01	11900000	12000000	0
LG01	12000000	12100000	0
LG01	12100000	12200000	0
LG01	12200000	12300000	0
LG01	12300000	12400000	0
LG01	12400000	12500000	3
LG01	12500000	12600000	0
LG01	12600000	12700000	0
LG01	12700000	12800000	0
LG01	12800000	12900000	6
LG01	12900000	13000000	4
LG01	13000000	13100000	1
LG01	13100000	13200000	0
LG01	13200000	13300000	3
LG01	13300000	13400000	0
LG01	13400000	13500000	1
LG01	13500000	13600000	2
LG01	13600000	13700000	0
LG01	13700000	13800000	0
LG01	13800000	13900000	1
LG01	13900000	14000000	0
LG01	14000000	14100000	0
LG01	14100000	14200000	0
LG01	14200000	14300000	1
LG01	14300000	14400000	1
LG01	14400000	14500000	1
LG01	14500000	14600000	3
LG01	14600000	14700000	0
LG01	14700000	14800000	0
LG01	14800000	14900000	0
LG01	14900000	15000000	1
LG01	15000000	15100000	0
LG01	15100000	15200000	0
LG01	15200000	15300000	0
LG01	15300000	15400000	2
LG01	15400000	15500000	0
LG01	15500000	15600000	1
LG01	15600000	15700000	1
LG01	15700000	15800000	0
LG01	15800000	15900000	0
LG01	15900000	16000000	0
LG01	16000000	16100000	0
LG01	16100000	16200000	0
LG01	16200000	16300000	0
LG01	16300000	16400000	0
LG01	16400000	16500000	0
LG01	16500000	16600000	0
LG01	16600000	16700000	2
LG01	16700000	16800000	0
LG01	16800000	16900000	0
LG01	16900000	17000000	0
LG01	17000000	17100000	0
LG01	17100000	17200000	3
LG01	17200000	17300000	0
LG01	17300000	17400000	0
LG01	17400000	17500000	1
LG01	17500000	17600000	1
LG01	17600000	17700000	0
LG01	17700000	17800000	0
LG01	17800000	17900000	1
LG01	17900000	18000000	1
LG01	18000000	18100000	0
LG01	18100000	18200000	0
LG01	18200000	18300000	4
LG01	18300000	18400000	0
LG01	18400000	18500000	0
LG01	18500000	18600000	18
LG01	18600000	18700000	8
LG01	18700000	18800000	0
LG01	18800000	18900000	0
LG01	18900000	19000000	1
LG01	19000000	19100000	0
LG01	19100000	19200000	3
LG01	19200000	19300000	1
LG01	19300000	19400000	0
LG01	19400000	19500000	3
LG01	19500000	19600000	179
LG01	19600000	19700000	130
LG01	19700000	19800000	153
LG01	19800000	19900000	127
LG01	19900000	20000000	213
LG01	20000000	20100000	97
LG01	20100000	20200000	135
LG01	20200000	20300000	197
LG01	20300000	20400000	217
LG01	20400000	20500000	207
LG01	20500000	20600000	177
LG01	20600000	20700000	195
LG01	20700000	20800000	218
LG01	20800000	20900000	139
LG01	20900000	21000000	157
LG01	21000000	21100000	149
LG01	21100000	21200000	142
LG01	21200000	21300000	184
LG01	21300000	21400000	122
LG01	21400000	21500000	101
LG01	21500000	21600000	174
LG01	21600000	21700000	186
LG01	21700000	21800000	223
LG01	21800000	21900000	112
LG01	21900000	22000000	199
LG01	22000000	22100000	187
LG01	22100000	22200000	117
LG01	22200000	22300000	140
LG01	22300000	22400000	141
LG01	22400000	22500000	124
LG01	22500000	22600000	208
LG01	22600000	22700000	111
LG01	22700000	22800000	290
LG01	22800000	22900000	161
LG01	22900000	23000000	215
LG01	23000000	23100000	178
LG01	23100000	23200000	164
LG01	23200000	23300000	166
LG01	23300000	23400000	121
LG01	23400000	23500000	155
LG01	23500000	23600000	224
LG01	23600000	23700000	128
LG01	23700000	23800000	173
LG01	23800000	23900000	135
LG01	23900000	24000000	154
LG01	24000000	24100000	219
LG01	24100000	24200000	124
LG01	24200000	24300000	156
LG01	24300000	24400000	137
LG01	24400000	24500000	120
LG01	24500000	24600000	144
LG01	24600000	24700000	112
LG01	24700000	24800000	214
LG01	24800000	24900000	241
LG01	24900000	25000000	281
LG01	25000000	25100000	193
LG01	25100000	25200000	77
LG01	25200000	25300000	312
LG01	25300000	25400000	172
LG01	25400000	25500000	150
LG01	25500000	25600000	160
LG01	25600000	25700000	297
LG01	25700000	25800000	346
LG01	25800000	25900000	341
LG01	25900000	26000000	222
LG01	26000000	26100000	192
LG01	26100000	26200000	148
LG01	26200000	26300000	161
LG01	26300000	26400000	221
LG01	26400000	26500000	237
LG01	26500000	26600000	148
LG01	26600000	26700000	193
LG01	26700000	26800000	162
LG01	26800000	26900000	213
LG01	26900000	27000000	242
LG01	27000000	27100000	109
LG01	27100000	27200000	177
LG01	27200000	27300000	238
LG01	27300000	27400000	283
LG01	27400000	27500000	215
LG01	27500000	27600000	186
LG01	27600000	27700000	83
LG01	27700000	27800000	280
LG01	27800000	27900000	162
LG01	27900000	28000000	197
LG01	28000000	28100000	151
LG01	28100000	28200000	124
LG01	28200000	28300000	168
LG01	28300000	28400000	53
LG01	28400000	28500000	1
LG01	28500000	28600000	2
LG01	28600000	28700000	0
LG01	28700000	28800000	0
LG01	28800000	28900000	0
LG01	28900000	29000000	0
LG01	29000000	29100000	0
LG01	29100000	29200000	0
LG01	29200000	29300000	6
LG01	29300000	29400000	0
LG01	29400000	29500000	2
LG01	29500000	29600000	0
LG01	29600000	29700000	2
LG01	29700000	29800000	2
LG01	29800000	29900000	0
LG01	29900000	30000000	0
LG01	30000000	30100000	0
LG01	30100000	30200000	1
LG01	30200000	30300000	0
LG01	30300000	30400000	4
LG01	30400000	30500000	0
LG01	30500000	30600000	0
LG01	30600000	30700000	0
LG01	30700000	30800000	0
LG01	30800000	30900000	0
LG01	30900000	31000000	0
LG01	31000000	31100000	0
LG01	31100000	31200000	1
LG01	31200000	31300000	11
LG01	31300000	31400000	21
LG01	31400000	31500000	16
LG01	31500000	31600000	15
LG01	31600000	31700000	20
LG01	31700000	31800000	22
LG01	31800000	31900000	22
LG01	31900000	32000000	9
LG01	32000000	32100000	6
LG01	32100000	32200000	21
LG01	32200000	32300000	3
LG01	32300000	32400000	29
LG01	32400000	32500000	20
LG01	32500000	32600000	29
LG01	32600000	32700000	22
LG01	32700000	32800000	31
LG01	32800000	32900000	35
LG01	32900000	33000000	21
LG01	33000000	33100000	19
LG01	33100000	33200000	22
LG01	33200000	33300000	4
LG01	33300000	33400000	0
LG01	33400000	33500000	0
LG01	33500000	33600000	0
LG01	33600000	33700000	0
LG01	33700000	33800000	0
LG01	33800000	33900000	0
LG01	33900000	34000000	0
LG01	34000000	34100000	0
LG01	34100000	34200000	0
LG01	34200000	34300000	0
LG01	34300000	34400000	0
LG01	34400000	34500000	0
LG01	34500000	34600000	1
LG01	34600000	34700000	0
LG01	34700000	34800000	0
LG01	34800000	34900000	0
LG01	34900000	35000000	0
LG01	35000000	35100000	1
LG01	35100000	35200000	1
LG01	35200000	35300000	2
LG01	35300000	35400000	0
LG01	35400000	35500000	2
LG01	35500000	35600000	0
LG01	35600000	35700000	3
LG01	35700000	35800000	3
LG01	35800000	35900000	2
LG01	35900000	36000000	6
LG01	36000000	36100000	8
LG01	36100000	36200000	9
LG01	36200000	36300000	9
LG01	36300000	36400000	1
LG01	36400000	36500000	0
LG01	36500000	36600000	0
LG01	36600000	36700000	2
LG01	36700000	36800000	3
LG01	36800000	36900000	0
LG01	36900000	37000000	1
LG01	37000000	37100000	2
LG01	37100000	37200000	0
LG01	37200000	37300000	0
LG01	37300000	37400000	0
LG01	37400000	37500000	0
LG01	37500000	37600000	1
LG01	37600000	37700000	2
LG01	37700000	37800000	0
LG01	37800000	37900000	2
LG01	37900000	38000000	1
LG01	38000000	38100000	2
LG01	38100000	38200000	1
LG01	38200000	38300000	9
LG01	38300000	38400000	0
LG01	38400000	38500000	1
LG01	38500000	38600000	1
LG01	38600000	38700000	0
LG01	38700000	38800000	0
LG01	38800000	38900000	0
LG01	38900000	39000000	4
LG01	39000000	39100000	1
LG01	39100000	39200000	0
LG01	39200000	39300000	2
LG01	39300000	39400000	6
LG01	39400000	39500000	0
LG01	39500000	39600000	0
LG01	39600000	39700000	0
LG01	39700000	39800000	1
LG01	39800000	39900000	1
LG01	39900000	40000000	0
LG01	40000000	40100000	1
LG01	40100000	40200000	1
LG01	40200000	40300000	4
LG01	40300000	40400000	6
LG01	40400000	40500000	8
LG01	40500000	40600000	4
LG01	40600000	40673429	6
